25 52 164 240 274 328 368 448 538 561 630 687 730 775 825 834 
39 120 124 205 401 581 704 814 825 834 
35 249 674 712 733 759 854 950 
39 422 449 704 825 857 895 937 954 964 
15 229 262 283 294 352 381 708 738 766 853 883 966 978 
26 104 143 320 569 620 798 
7 185 214 350 529 658 682 782 809 849 883 947 970 979 
227 390 
71 192 208 272 279 280 300 333 496 529 530 597 618 674 675 720 855 914 932 
183 193 217 256 276 277 374 474 483 496 512 529 626 653 706 878 939 
161 175 177 424 490 571 597 623 766 795 853 910 960 
125 130 327 698 699 839 
392 461 569 801 862 
27 78 104 177 733 775 781 845 900 921 938 
101 147 229 350 411 461 572 579 657 675 778 803 842 903 
71 208 217 266 279 290 458 478 523 614 766 853 888 944 969 
43 70 176 204 227 334 369 480 513 703 708 835 874 895 
25 52 278 730 
151 432 504 830 890 
71 73 118 274 310 327 388 419 449 469 484 706 722 795 810 844 846 918 
130 274 432 528 967 
188 307 326 381 403 523 526 722 774 788 789 834 950 975 
89 116 198 201 333 395 653 720 846 
70 171 227 289 462 538 541 623 674 701 805 946 964 
143 192 317 471 487 631 638 640 678 735 780 865 888 935 
17 242 471 758 763 837 956 
52 145 161 283 375 385 676 721 731 790 792 885 
182 229 276 529 
43 522 565 617 859 
12 296 350 354 401 548 684 740 774 775 782 841 937 
210 346 477 529 561 605 696 704 789 829 851 884 888 
234 296 355 460 649 684 712 735 746 829 
177 310 600 709 970 
71 73 118 274 310 327 388 419 449 469 484 706 722 795 810 844 846 918 
130 274 432 528 967 
188 307 326 381 403 523 526 722 774 788 789 834 950 975 
89 116 198 201 333 395 653 720 846 
70 171 227 289 462 538 541 623 674 701 805 946 964 
143 192 317 471 487 631 638 640 678 735 780 865 888 935 
17 242 471 758 763 837 956 
52 145 161 283 375 385 676 721 731 790 792 885 
182 229 276 529 
43 522 565 617 859 
12 296 350 354 401 548 684 740 774 775 782 841 937 
210 346 477 529 561 605 696 704 789 829 851 884 888 
234 296 355 460 649 684 712 735 746 829 
177 310 